8
1 0.0004 500
0.200129 0.807244 0.827485 0.376712 0.636000 0.000000 0.350877 0.362319 0
0.213642 0.830530 0.809942 0.383562 0.643000 0.000000 0.456140 0.362319 0
0.236165 0.852523 0.824561 0.376712 0.655000 0.000000 0.596491 0.362319 0
0.221364 0.887451 0.774854 0.335616 0.735000 0.000000 0.596491 0.275362 0
0.218790 0.905563 0.766082 0.356164 0.692000 0.258929 0.596491 0.434783 0
0.213642 0.896507 0.745614 0.376712 0.655000 0.245536 0.456140 0.565217 0
0.205920 0.905563 0.780702 0.294521 0.698000 0.000000 0.947368 0.159420 0
0.171815 0.896507 0.780702 0.294521 0.698000 0.000000 0.456140 1.000000 0
0.147362 0.864166 0.742690 0.294521 0.698000 0.000000 0.210526 0.188406 0
0.127413 0.849935 0.725146 0.294521 0.698000 0.000000 0.456140 0.130435 0
