8
1 0.0004 500
0.513514 0.906856 0.804094 0.472603 0.710000 0.062500 0.473684 0.478261 0
0.514800 0.899094 0.780702 0.479452 0.729000 0.129464 0.456140 0.681159 0
0.453668 0.983182 0.663743 0.500000 0.712000 0.183036 0.438596 0.855072 0
0.496783 0.980595 0.836257 0.493151 0.750000 0.062500 0.508772 0.521739 0
0.524453 0.976714 0.821637 0.513699 0.707000 0.120536 0.385965 0.289855 0
0.536680 0.998706 0.763158 0.493151 0.694000 0.000000 0.298246 0.405797 0
0.559846 0.992238 0.795322 0.513699 0.693000 0.058036 0.947368 0.739130 0
0.563063 0.997413 0.824561 0.479452 0.686000 0.129464 0.456140 0.652174 0
0.547619 1.000000 0.830409 0.479452 0.686000 0.000000 0.526316 0.521739 0
0.545689 0.963777 0.827485 0.472603 0.696000 0.000000 0.508772 0.681159 0
